NACA2412
  1.00000000   -0.00000000
  0.99975070    0.00005328
  0.99900305    0.00021295
  0.99775774    0.00047852
  0.99601594    0.00084916
  0.99377929    0.00132371
  0.99104990    0.00190071
  0.98783033    0.00257837
  0.98412362    0.00335461
  0.97993327    0.00422709
  0.97526324    0.00519314
  0.97011795    0.00624988
  0.96450227    0.00739417
  0.95842155    0.00862263
  0.95188157    0.00993168
  0.94488857    0.01131755
  0.93744922    0.01277629
  0.92957066    0.01430380
  0.92126044    0.01589581
  0.91252656    0.01754796
  0.90337743    0.01925576
  0.89382190    0.02101465
  0.88386921    0.02281998
  0.87352902    0.02466704
  0.86281140    0.02655107
  0.85172677    0.02846727
  0.84028598    0.03041083
  0.82850021    0.03237690
  0.81638104    0.03436065
  0.80394036    0.03635723
  0.79119044    0.03836180
  0.77814385    0.04036953
  0.76481350    0.04237562
  0.75121259    0.04437527
  0.73735462    0.04636371
  0.72325337    0.04833620
  0.70892289    0.05028803
  0.69437749    0.05221450
  0.67963170    0.05411096
  0.66470030    0.05597278
  0.64959827    0.05779537
  0.63434080    0.05957418
  0.61894325    0.06130469
  0.60342116    0.06298244
  0.58779022    0.06460301
  0.57206626    0.06616204
  0.55626522    0.06765523
  0.54040318    0.06907835
  0.52449627    0.07042727
  0.50856073    0.07169793
  0.49261285    0.07288640
  0.47666893    0.07398884
  0.46074535    0.07500156
  0.44485845    0.07592101
  0.42902458    0.07674383
  0.41326006    0.07746680
  0.39756177    0.07808652
  0.38185851    0.07857877
  0.36627229    0.07892943
  0.35081981    0.07913707
  0.33551769    0.07920067
  0.32038242    0.07911962
  0.30543034    0.07889373
  0.29067760    0.07852325
  0.27614015    0.07800886
  0.26183372    0.07735168
  0.24777378    0.07655327
  0.23397554    0.07561566
  0.22045389    0.07454127
  0.20722341    0.07333299
  0.19429833    0.07199412
  0.18169250    0.07052835
  0.16941942    0.06893978
  0.15749214    0.06723286
  0.14592329    0.06541242
  0.13472509    0.06348357
  0.12390925    0.06145173
  0.11348703    0.05932258
  0.10346921    0.05710203
  0.09386606    0.05479616
  0.08468732    0.05241120
  0.07594223    0.04995350
  0.06763951    0.04742947
  0.05978732    0.04484552
  0.05239331    0.04220805
  0.04546457    0.03952341
  0.03900765    0.03679779
  0.03302857    0.03403727
  0.02753278    0.03124768
  0.02252520    0.02843465
  0.01801022    0.02560350
  0.01399166    0.02275922
  0.01047285    0.01990646
  0.00745654    0.01704946
  0.00494497    0.01419205
  0.00293986    0.01133760
  0.00144239    0.00848902
  0.00045324    0.00564870
 -0.00002744    0.00281857
  0.00000000    0.00000000
  0.00053089   -0.00276824
  0.00156008   -0.00544762
  0.00308569   -0.00803749
  0.00510533   -0.01053713
  0.00761614   -0.01294580
  0.01061477   -0.01526274
  0.01409736   -0.01748717
  0.01805963   -0.01961830
  0.02249681   -0.02165535
  0.02740368   -0.02359757
  0.03277460   -0.02544426
  0.03860350   -0.02719476
  0.04488389   -0.02884850
  0.05160889   -0.03040501
  0.05877124   -0.03186394
  0.06636330   -0.03322508
  0.07437708   -0.03448835
  0.08280424   -0.03565388
  0.09163610   -0.03672198
  0.10086369   -0.03769316
  0.11047769   -0.03856817
  0.12046852   -0.03934798
  0.13082630   -0.04003381
  0.14154088   -0.04062715
  0.15260182   -0.04112973
  0.16399845   -0.04154357
  0.17571985   -0.04187092
  0.18775483   -0.04211432
  0.20009199   -0.04227657
  0.21271968   -0.04236069
  0.22562605   -0.04236998
  0.23879899   -0.04230794
  0.25222622   -0.04217827
  0.26589521   -0.04198490
  0.27979324   -0.04173189
  0.29390739   -0.04142348
  0.30822453   -0.04106401
  0.32273135   -0.04065795
  0.33741435   -0.04020981
  0.35225982   -0.03972417
  0.36725390   -0.03920560
  0.38238255   -0.03865869
  0.39763157   -0.03808797
  0.41309177   -0.03748609
  0.42866058   -0.03683626
  0.44430335   -0.03614184
  0.46000469   -0.03540657
  0.47574915   -0.03463415
  0.49152119   -0.03382821
  0.50730523   -0.03299233
  0.52308564   -0.03212996
  0.53884678   -0.03124448
  0.55457298   -0.03033913
  0.57024858   -0.02941702
  0.58585796   -0.02848115
  0.60138551   -0.02753434
  0.61681568   -0.02657930
  0.63213301   -0.02561857
  0.64732210   -0.02465454
  0.66236766   -0.02368947
  0.67725452   -0.02272547
  0.69196764   -0.02176452
  0.70649212   -0.02080847
  0.72081324   -0.01985903
  0.73491646   -0.01891783
  0.74878741   -0.01798638
  0.76241197   -0.01706609
  0.77577621   -0.01615829
  0.78886647   -0.01526426
  0.80166933   -0.01438520
  0.81417163   -0.01352226
  0.82636052   -0.01267654
  0.83822343   -0.01184913
  0.84974812   -0.01104108
  0.86092264   -0.01025342
  0.87173543   -0.00948718
  0.88217523   -0.00874337
  0.89223120   -0.00802301
  0.90189282   -0.00732710
  0.91115002   -0.00665667
  0.91999309   -0.00601272
  0.92841275   -0.00539626
  0.93640015   -0.00480831
  0.94394688   -0.00424985
  0.95104497   -0.00372187
  0.95768691   -0.00322535
  0.96386566   -0.00276123
  0.96957467   -0.00233042
  0.97480788   -0.00193380
  0.97955970   -0.00157219
  0.98382508   -0.00124640
  0.98759946   -0.00095712
  0.99087880   -0.00070502
  0.99365960   -0.00049069
  0.99593887   -0.00031461
  0.99771419   -0.00017722
  0.99898363   -0.00007885
  0.99974584   -0.00001972
  1.00000000    0.00000000
