NACA4415
  1.00000000   -0.00000000
  0.99975431    0.00007888
  0.99901746    0.00031529
  0.99779005    0.00070847
  0.99607311    0.00125719
  0.99386810    0.00195972
  0.99117686    0.00281388
  0.98800166    0.00381698
  0.98434520    0.00496593
  0.98021058    0.00625718
  0.97560132    0.00768676
  0.97052137    0.00925032
  0.96497510    0.01094312
  0.95896731    0.01276008
  0.95250321    0.01469580
  0.94558845    0.01674455
  0.93822910    0.01890036
  0.93043167    0.02115697
  0.92220309    0.02350792
  0.91355070    0.02594655
  0.90448230    0.02846600
  0.89500606    0.03105928
  0.88513063    0.03371927
  0.87486503    0.03643873
  0.86421871    0.03921036
  0.85320153    0.04202676
  0.84182374    0.04488053
  0.83009600    0.04776419
  0.81802933    0.05067030
  0.80563516    0.05359137
  0.79292528    0.05651998
  0.77991183    0.05944868
  0.76660733    0.06237011
  0.75302463    0.06527693
  0.73917689    0.06816186
  0.72507763    0.07101768
  0.71074066    0.07383726
  0.69618009    0.07661353
  0.68141033    0.07933953
  0.66644604    0.08200837
  0.65130215    0.08461327
  0.63599387    0.08714756
  0.62053660    0.08960470
  0.60494598    0.09197824
  0.58923786    0.09426191
  0.57342828    0.09644956
  0.55753346    0.09853520
  0.54156977    0.10051302
  0.52555374    0.10237740
  0.50950202    0.10412291
  0.49343137    0.10574435
  0.47735865    0.10723675
  0.46130078    0.10859541
  0.44527474    0.10981588
  0.42929757    0.11089403
  0.41338627    0.11182604
  0.39750941    0.11260757
  0.38146551    0.11319130
  0.36553621    0.11355058
  0.34974020    0.11368483
  0.33409609    0.11359419
  0.31862242    0.11327952
  0.30333753    0.11274240
  0.28825964    0.11198514
  0.27340669    0.11101077
  0.25879639    0.10982303
  0.24444615    0.10842640
  0.23037300    0.10682600
  0.21659364    0.10502766
  0.20312429    0.10303784
  0.18998077    0.10086362
  0.17717838    0.09851267
  0.16473189    0.09599319
  0.15265554    0.09331391
  0.14096298    0.09048400
  0.12966726    0.08751304
  0.11878081    0.08441096
  0.10831540    0.08118801
  0.09828217    0.07785465
  0.08869157    0.07442154
  0.07955338    0.07089942
  0.07087671    0.06729911
  0.06266995    0.06363140
  0.05494085    0.05990697
  0.04769644    0.05613636
  0.04094310    0.05232989
  0.03468653    0.04849760
  0.02893175    0.04464914
  0.02368316    0.04079378
  0.01894452    0.03694030
  0.01471894    0.03309696
  0.01100893    0.02927141
  0.00781642    0.02547069
  0.00514273    0.02170115
  0.00298863    0.01796843
  0.00135431    0.01427740
  0.00023944    0.01063217
 -0.00035689    0.00703602
 -0.00043606    0.00349142
  0.00000000    0.00000000
  0.00093951   -0.00339076
  0.00237021   -0.00663386
  0.00428864   -0.00972911
  0.00669087   -0.01267645
  0.00957248   -0.01547593
  0.01292857   -0.01812771
  0.01675379   -0.02063211
  0.02104237   -0.02298956
  0.02578809   -0.02520065
  0.03098437   -0.02726614
  0.03662422   -0.02918693
  0.04270032   -0.03096412
  0.04920502   -0.03259901
  0.05613036   -0.03409311
  0.06346811   -0.03544814
  0.07120977   -0.03666609
  0.07934663   -0.03774917
  0.08786976   -0.03869988
  0.09677004   -0.03952098
  0.10603817   -0.04021555
  0.11566474   -0.04078693
  0.12564016   -0.04123880
  0.13595474   -0.04157513
  0.14659870   -0.04180020
  0.15756213   -0.04191863
  0.16883505   -0.04193532
  0.18040738   -0.04185548
  0.19226896   -0.04168462
  0.20440954   -0.04142852
  0.21681880   -0.04109325
  0.22948630   -0.04068509
  0.24240153   -0.04021056
  0.25555385   -0.03967640
  0.26893253   -0.03908948
  0.28252670   -0.03845683
  0.29632535   -0.03778559
  0.31031734   -0.03708296
  0.32449136   -0.03635618
  0.33883594   -0.03561247
  0.35333943   -0.03485902
  0.36798998   -0.03410292
  0.38277556   -0.03335114
  0.39768392   -0.03261046
  0.41296555   -0.03186461
  0.42838760   -0.03107889
  0.44388706   -0.03025754
  0.45944927   -0.02940544
  0.47505944   -0.02852738
  0.49070266   -0.02762798
  0.50636394   -0.02671170
  0.52202817   -0.02578278
  0.53768018   -0.02484528
  0.55330474   -0.02390300
  0.56888656   -0.02295953
  0.58441032   -0.02201819
  0.59986069   -0.02108204
  0.61522234   -0.02015391
  0.63047995   -0.01923633
  0.64561822   -0.01833159
  0.66062193   -0.01744174
  0.67547590   -0.01656854
  0.69016503   -0.01571357
  0.70467435   -0.01487813
  0.71898898   -0.01406333
  0.73309418   -0.01327010
  0.74697537   -0.01249915
  0.76061813   -0.01175105
  0.77400823   -0.01102621
  0.78713163   -0.01032491
  0.79997453   -0.00964732
  0.81252334   -0.00899350
  0.82476474   -0.00836346
  0.83668567   -0.00775713
  0.84827336   -0.00717437
  0.85951532   -0.00661506
  0.87039942   -0.00607900
  0.88091381   -0.00556604
  0.89104703   -0.00507599
  0.90078796   -0.00460868
  0.91012588   -0.00416398
  0.91905044   -0.00374175
  0.92755174   -0.00334191
  0.93562028   -0.00296439
  0.94324700   -0.00260915
  0.95042333   -0.00227619
  0.95714115   -0.00196553
  0.96339283   -0.00167724
  0.96917125   -0.00141139
  0.97446980   -0.00116807
  0.97928239   -0.00094740
  0.98360350   -0.00074950
  0.98742812   -0.00057449
  0.99075184   -0.00042251
  0.99357079   -0.00029367
  0.99588170   -0.00018809
  0.99768188   -0.00010586
  0.99896922   -0.00004707
  0.99974223   -0.00001177
  1.00000000    0.00000000
